0 1 -2 
0.1 0.800329 -1.99017 
0.2 0.602596 -1.96143 
0.3 0.408634 -1.91497 
0.4 0.220149 -1.85212 
0.5 0.0387109 -1.77427 
0.6 -0.134256 -1.68294 
0.7 -0.297478 -1.57965 
0.8 -0.449841 -1.46601 
0.9 -0.590389 -1.34362 
1 -0.718328 -1.21411 
1.1 -0.833027 -1.07908 
1.2 -0.934014 -0.94012 
1.3 -1.02097 -0.798774 
1.4 -1.09374 -0.656537 
1.5 -1.1523 -0.514838 
1.6 -1.19677 -0.375032 
1.7 -1.22741 -0.238389 
1.8 -1.24459 -0.106087 
1.9 -1.24881 0.020796 
2 -1.24065 0.141289 
2.1 -1.22079 0.254528 
2.2 -1.19001 0.359763 
2.3 -1.14913 0.45636 
2.4 -1.09904 0.543799 
2.5 -1.04069 0.621673 
2.6 -0.975036 0.68969 
2.7 -0.903084 0.747668 
2.8 -0.82584 0.795532 
2.9 -0.744314 0.833309 
3 -0.659511 0.861121 
3.1 -0.572415 0.879185 
3.2 -0.483989 0.887799 
3.3 -0.395158 0.887341 
3.4 -0.306808 0.878257 
3.5 -0.219778 0.861056 
3.6 -0.134849 0.836303 
3.7 -0.0527485 0.804606 
3.8 0.0258621 0.766613 
3.9 0.100387 0.723002 
4 0.170299 0.674472 
4.1 0.235141 0.621735 
4.2 0.294529 0.56551 
4.3 0.348151 0.506516 
4.4 0.395764 0.445463 
4.5 0.437198 0.383046 
4.6 0.47235 0.31994 
4.7 0.501185 0.256794 
4.8 0.523728 0.194224 
4.9 0.540068 0.132813 
5 0.550348 0.0731028 
5.1 0.554762 0.0155922 
5.2 0.553555 -0.0392656 
5.3 0.547011 -0.0910653 
5.4 0.535456 -0.139451 
5.5 0.519245 -0.184118 
5.6 0.498765 -0.224812 
5.7 0.474422 -0.261331 
5.8 0.446643 -0.293521 
5.9 0.415866 -0.321281 
6 0.382536 -0.344556 
6.1 0.347104 -0.363338 
6.2 0.310017 -0.377662 
6.3 0.271718 -0.387607 
6.4 0.232638 -0.39329 
6.5 0.193197 -0.394863 
6.6 0.153797 -0.39251 
6.7 0.114819 -0.386447 
6.8 0.0766229 -0.376913 
6.9 0.0395431 -0.364171 
7 0.00388633 -0.348501 
7.1 -0.0300693 -0.330199 
7.2 -0.0620759 -0.309571 
7.3 -0.0919165 -0.286932 
7.4 -0.119406 -0.262601 
7.5 -0.144391 -0.236897 
7.6 -0.16675 -0.210138 
7.7 -0.186394 -0.182637 
7.8 -0.203263 -0.154696 
7.9 -0.217328 -0.12661 
8 -0.22859 -0.0986605 
8.1 -0.237074 -0.0711123 
8.2 -0.242834 -0.0442145 
8.3 -0.245946 -0.0181977 
8.4 -0.24651 0.0067277 
8.5 -0.244643 0.0303719 
8.6 -0.240484 0.0525669 
8.7 -0.234183 0.0731671 
8.8 -0.225908 0.0920496 
8.9 -0.215834 0.109114 
9 -0.204148 0.124283 
9.1 -0.191042 0.137501 
9.2 -0.176714 0.148734 
9.3 -0.161362 0.157969 
9.4 -0.145187 0.165215 
9.5 -0.128385 0.170497 
9.6 -0.111151 0.17386 
9.7 -0.093675 0.175364 
9.8 -0.0761379 0.175086 
9.9 -0.0587142 0.173115 
10 -0.041568 0.169553 
10.1 -0.0248529 0.164513 
10.2 -0.00871073 0.158114 
10.3 0.00672903 0.150487 
10.4 0.0213502 0.141765 
10.5 0.0350502 0.132087 
10.6 0.0477405 0.121594 
10.7 0.0593466 0.110427 
10.8 0.0698082 0.0987289 
10.9 0.0790793 0.0866389 
11 0.0871275 0.0742942 
11.1 0.0939341 0.0618275 
11.2 0.0994932 0.0493662 
11.3 0.103812 0.0370315 
11.4 0.106908 0.0249375 
11.5 0.108811 0.0131902 
11.6 0.10956 0.00188736 
11.7 0.109206 -0.00888266 
11.8 0.107804 -0.0190408 
11.9 0.10542 -0.028518 
12 0.102125 -0.0372551 
12.1 0.0979958 -0.0452029 
12.2 0.0931125 -0.0523226 
12.3 0.0875598 -0.0585852 
12.4 0.0814247 -0.0639713 
12.5 0.0747951 -0.0684713 
12.6 0.06776 -0.0720845 
12.7 0.0604076 -0.0748189 
12.8 0.052825 -0.0766908 
12.9 0.0450974 -0.077724 
13 0.0373071 -0.0779493 
13.1 0.0295332 -0.0774039 
13.2 0.0218506 -0.0761307 
13.3 0.0143298 -0.0741777 
13.4 0.00703604 -0.071597 
13.5 2.94514e-05 -0.0684443 
13.6 -0.00663571 -0.0647784 
13.7 -0.0129111 -0.0606599 
13.8 -0.0187547 -0.0561511 
13.9 -0.0241304 -0.0513149 
14 -0.0290088 -0.0462145 
14.1 -0.0333666 -0.0409124 
14.2 -0.0371867 -0.0354702 
14.3 -0.040458 -0.0299477 
14.4 -0.0431755 -0.0244027 
14.5 -0.0453396 -0.0188903 
14.6 -0.0469564 -0.0134626 
14.7 -0.0480366 -0.00816841 
14.8 -0.048596 -0.00305282 
14.9 -0.0486545 0.00184304 
15 -0.048236 0.00648215 
15.1 -0.0473677 0.0108318 
15.2 -0.0460802 0.0148638 
15.3 -0.0444064 0.0185543 
15.4 -0.0423814 0.021884 
15.5 -0.0400421 0.024838 
15.6 -0.0374267 0.0274058 
15.7 -0.034574 0.0295814 
15.8 -0.0315235 0.0313625 
15.9 -0.0283146 0.0327511 
16 -0.0249862 0.0337528 
16.1 -0.0215767 0.0343767 
16.2 -0.0181231 0.0346351 
16.3 -0.0146613 0.0345433 
16.4 -0.0112255 0.0341194 
16.5 -0.00784785 0.0333836 
16.6 -0.00455843 0.0323584 
16.7 -0.00138502 0.0310678 
16.8 0.00164713 0.0295373 
16.9 0.00451534 0.0277937 
17 0.00719966 0.0258641 
17.1 0.0096829 0.0237767 
17.2 0.0119507 0.0215592 
17.3 0.0139914 0.0192399 
17.4 0.0157962 0.0168461 
17.5 0.017359 0.0144049 
17.6 0.0186764 0.0119424 
17.7 0.0197476 0.00948352 
17.8 0.0205741 0.00705219 
17.9 0.0211597 0.0046707 
18 0.0215106 0.00235983 
18.1 0.0216347 0.000138669 
18.2 0.0215419 -0.00197552 
18.3 0.0212436 -0.00396734 
18.4 0.0207529 -0.00582336 
18.5 0.0200839 -0.0075321 
18.6 0.0192517 -0.0090841 
18.7 0.0182725 -0.0104719 
18.8 0.017163 -0.0116899 
18.9 0.0159403 -0.0127346 
19 0.0146219 -0.0136042 
19.1 0.0132253 -0.0142989 
19.2 0.0117679 -0.0148203 
19.3 0.0102669 -0.0151718 
19.4 0.00873908 -0.0153583 
19.5 0.00720057 -0.0153861 
19.6 0.00566691 -0.0152625 
19.7 0.00415282 -0.0149963 
19.8 0.0026721 -0.0145968 
19.9 0.00123755 -0.0140746 
20 -0.000139093 -0.0134407 
20.1 -0.00144724 -0.0127067 
20.2 -0.00267749 -0.0118846 
20.3 -0.00382164 -0.0109868 
20.4 -0.00487275 -0.0100258 
20.5 -0.0058251 -0.00901385 
20.6 -0.00667423 -0.00796344 
20.7 -0.00741691 -0.00688665 
20.8 -0.00805108 -0.00579526 
20.9 -0.00857585 -0.00470061 
21 -0.00899145 -0.00361354 
21.1 -0.00929916 -0.00254427 
21.2 -0.00950122 -0.00150235 
21.3 -0.00960083 -0.000496604 
21.4 -0.00960202 0.000464931 
21.5 -0.00950956 0.00137504 
21.6 -0.00932894 0.00222736 
21.7 -0.0090662 0.00301641 
21.8 -0.00872792 0.00373758 
21.9 -0.00832108 0.00438714 
22 -0.00785298 0.00496228 
22.1 -0.00733117 0.005461 
22.2 -0.00676337 0.00588217 
22.3 -0.00615734 0.00622548 
22.4 -0.00552085 0.00649137 
22.5 -0.0048616 0.00668102 
22.6 -0.00418713 0.00679632 
22.7 -0.00350474 0.00683975 
22.8 -0.00282147 0.00681441 
22.9 -0.00214403 0.00672389 
23 -0.00147873 0.00657225 
23.1 -0.000831469 0.00636396 
23.2 -0.00020767 0.0061038 
23.3 0.00038773 0.00579684 
23.4 0.000950313 0.00544836 
23.5 0.0014762 0.00506377 
23.6 0.00196205 0.00464859 
23.7 0.00240508 0.00420835 
23.8 0.00280306 0.00374856 
23.9 0.00315432 0.00327467 
24 0.00345771 0.00279198 
24.1 0.0037126 0.00230561 
24.2 0.00391887 0.0018205 
24.3 0.00407689 0.0013413 
24.4 0.00418747 0.000872399 
24.5 0.00425185 0.000417865 
24.6 0.00427165 -1.85732e-05 
24.7 0.00424885 -0.000433545 
24.8 0.00418576 -0.000824054 
24.9 0.00408495 -0.00118749 
25 0.00394924 -0.00152162 
25.1 0.00378166 -0.00182463 
25.2 0.0035854 -0.00209508 
25.3 0.00336377 -0.00233192 
25.4 0.00312016 -0.00253448 
25.5 0.00285803 -0.00270246 
25.6 0.00258082 -0.00283591 
25.7 0.00229198 -0.00293521 
25.8 0.00199489 -0.00300107 
25.9 0.00169285 -0.00303446 
26 0.00138904 -0.00303665 
26.1 0.00108651 -0.00300914 
26.2 0.000788147 -0.00295365 
26.3 0.000496652 -0.00287207 
26.4 0.000214533 -0.00276649 
26.5 -5.59173e-05 -0.00263908 
26.6 -0.000312633 -0.00249218 
26.7 -0.000553782 -0.00232815 
26.8 -0.000777772 -0.00214942 
26.9 -0.000983259 -0.00195847 
27 -0.00116914 -0.00175774 
27.1 -0.00133456 -0.00154967 
27.2 -0.00147891 -0.00133665 
27.3 -0.0016018 -0.00112099 
27.4 -0.00170309 -0.000904916 
27.5 -0.00178285 -0.000690565 
27.6 -0.00184133 -0.000479937 
27.7 -0.00187902 -0.000274905 
27.8 -0.00189656 -7.71931e-05 
27.9 -0.00189475 0.000111629 
28 -0.00187457 0.000290154 
28.1 -0.00183711 0.000457144 
28.2 -0.00178357 0.000611535 
28.3 -0.00171525 0.000752436 
28.4 -0.00163355 0.000879133 
28.5 -0.00153992 0.000991082 
28.6 -0.00143584 0.00108791 
28.7 -0.00132285 0.00116942 
28.8 -0.00120247 0.00123555 
28.9 -0.00107625 0.00128642 
29 -0.000945688 0.00132226 
29.1 -0.000812281 0.00134348 
29.2 -0.000677464 0.00135056 
29.3 -0.00054262 0.00134414 
29.4 -0.000409063 0.00132493 
29.5 -0.000278034 0.00129374 
29.6 -0.000150685 0.00125147 
29.7 -2.80779e-05 0.00119906 
29.8 8.88228e-05 0.00113752 
29.9 0.000199157 0.0010679 
