0 1 -2 
0.1 0.800487 -1.99027 
0.2 0.602891 -1.96164 
0.3 0.409044 -1.91531 
0.4 0.220648 -1.8526 
0.5 0.0392729 -1.77491 
0.6 -0.133659 -1.68372 
0.7 -0.296874 -1.58059 
0.8 -0.449258 -1.46709 
0.9 -0.589854 -1.34484 
1 -0.717868 -1.21544 
1.1 -0.832666 -1.08052 
1.2 -0.933774 -0.941641 
1.3 -1.02087 -0.800358 
1.4 -1.0938 -0.658162 
1.5 -1.15253 -0.516479 
1.6 -1.19719 -0.376665 
1.7 -1.22802 -0.239988 
1.8 -1.2454 -0.107626 
1.9 -1.24982 0.0193419 
2 -1.24185 0.139943 
2.1 -1.22219 0.253314 
2.2 -1.19159 0.358702 
2.3 -1.15088 0.455471 
2.4 -1.10095 0.543099 
2.5 -1.04274 0.621176 
2.6 -0.977208 0.689409 
2.7 -0.905357 0.747612 
2.8 -0.828191 0.795706 
2.9 -0.74672 0.833716 
3 -0.661946 0.861763 
3.1 -0.574855 0.880057 
3.2 -0.486408 0.888897 
3.3 -0.39753 0.888655 
3.4 -0.309109 0.879776 
3.5 -0.221981 0.862767 
3.6 -0.136934 0.838189 
3.7 -0.0546918 0.806649 
3.8 0.0240803 0.768794 
3.9 0.0987849 0.725298 
4 0.168893 0.67686 
4.1 0.233945 0.624192 
4.2 0.293556 0.568012 
4.3 0.347408 0.509037 
4.4 0.395259 0.447979 
4.5 0.436934 0.385531 
4.6 0.472329 0.32237 
4.7 0.501405 0.259146 
4.8 0.524186 0.196476 
4.9 0.540757 0.134943 
5 0.551259 0.0750914 
5.1 0.555885 0.0174214 
5.2 0.554875 -0.0376118 
5.3 0.548514 -0.089601 
5.4 0.537125 -0.138188 
5.5 0.521062 -0.183066 
5.6 0.50071 -0.223979 
5.7 0.476475 -0.26072 
5.8 0.448782 -0.293137 
5.9 0.418069 -0.321123 
6 0.384782 -0.344622 
6.1 0.34937 -0.363623 
6.2 0.31228 -0.378161 
6.3 0.273957 -0.388311 
6.4 0.234832 -0.394188 
6.5 0.195325 -0.395943 
6.6 0.15584 -0.393759 
6.7 0.11676 -0.387848 
6.8 0.0784449 -0.378451 
6.9 0.0412309 -0.365828 
7 0.00542662 -0.350259 
7.1 -0.0286882 -0.332038 
7.2 -0.0608638 -0.311473 
7.3 -0.0908813 -0.288877 
7.4 -0.118554 -0.264569 
7.5 -0.143725 -0.238869 
7.6 -0.166274 -0.212095 
7.7 -0.186106 -0.18456 
7.8 -0.203163 -0.156568 
7.9 -0.217412 -0.128415 
8 -0.228852 -0.100382 
8.1 -0.237508 -0.0727357 
8.2 -0.243431 -0.0457272 
8.3 -0.246696 -0.019588 
8.4 -0.247402 0.00546993 
8.5 -0.245666 0.0292552 
8.6 -0.241623 0.0515984 
8.7 -0.235426 0.0723521 
8.8 -0.227239 0.0913917 
8.9 -0.217238 0.108615 
9 -0.20561 0.123944 
9.1 -0.192547 0.13732 
9.2 -0.178246 0.148709 
9.3 -0.162905 0.158096 
9.4 -0.146726 0.165488 
9.5 -0.129906 0.17091 
9.6 -0.112641 0.174405 
9.7 -0.0951188 0.176032 
9.8 -0.0775239 0.175866 
9.9 -0.0600307 0.173997 
10 -0.0428045 0.170526 
10.1 -0.026 0.165564 
10.2 -0.00976018 0.159232 
10.3 0.00578437 0.151659 
10.4 0.0205162 0.142978 
10.5 0.0343315 0.133328 
10.6 0.0471403 0.12285 
10.7 0.0588671 0.111686 
10.8 0.0694503 0.0999785 
10.9 0.0788427 0.0878677 
11 0.0870106 0.075491 
11.1 0.0939342 0.062982 
11.2 0.0996068 0.0504687 
11.3 0.104034 0.0380731 
11.4 0.107233 0.0259102 
11.5 0.109233 0.0140869 
11.6 0.110072 0.00270195 
11.7 0.1098 -0.00815531 
11.8 0.108472 -0.0184049 
11.9 0.106153 -0.0279765 
12 0.102913 -0.0368102 
12.1 0.0988299 -0.0448557 
12.2 0.0939835 -0.0520731 
12.3 0.0884582 -0.0584326 
12.4 0.0823409 -0.0639139 
12.5 0.0757199 -0.0685064 
12.6 0.0686841 -0.0722087 
12.7 0.0613223 -0.0750281 
12.8 0.0537219 -0.0769801 
12.9 0.0459685 -0.0780879 
13 0.038145 -0.0783819 
13.1 0.0303309 -0.0778986 
13.2 0.022602 -0.0766808 
13.3 0.0150291 -0.0747759 
13.4 0.00767854 -0.072236 
13.5 0.000610903 -0.0691167 
13.6 -0.00611875 -0.0654765 
13.7 -0.0124614 -0.0613761 
13.8 -0.0183741 -0.056878 
13.9 -0.0238203 -0.0520452 
14 -0.0287696 -0.0469411 
14.1 -0.033198 -0.0416284 
14.2 -0.0370879 -0.0361692 
14.3 -0.0404276 -0.0306236 
14.4 -0.0432112 -0.0250498 
14.5 -0.0454389 -0.0195035 
14.6 -0.0471159 -0.0140372 
14.7 -0.0482528 -0.00870036 
14.8 -0.0488648 -0.00353851 
14.9 -0.0489714 0.0014066 
15 -0.0485962 0.00609737 
15.1 -0.0477663 0.0105005 
15.2 -0.0465119 0.0145873 
15.3 -0.0448659 0.0183331 
15.4 -0.0428633 0.0217183 
15.5 -0.040541 0.0247274 
15.6 -0.0379372 0.0273494 
15.7 -0.0350908 0.0295776 
15.8 -0.0320415 0.0314095 
15.9 -0.0288286 0.0328466 
16 -0.0254916 0.0338941 
16.1 -0.0220689 0.0345608 
16.2 -0.0185979 0.0348586 
16.3 -0.0151148 0.0348027 
16.4 -0.0116541 0.0344108 
16.5 -0.00824845 0.0337031 
16.6 -0.0049282 0.0327018 
16.7 -0.00172156 0.031431 
16.8 0.00134579 0.0299161 
16.9 0.00425079 0.0281838 
17 0.00697305 0.0262615 
17.1 0.00949498 0.0241771 
17.2 0.0118018 0.0219589 
17.3 0.0138815 0.0196349 
17.4 0.0157248 0.0172328 
17.5 0.0173255 0.01478 
17.6 0.0186796 0.0123027 
17.7 0.0197861 0.00982618 
17.8 0.0206461 0.00737455 
17.9 0.0212634 0.00497045 
18 0.0216436 0.00263497 
18.1 0.0217947 0.00038749 
18.2 0.0217264 -0.00175439 
18.3 0.0214499 -0.00377498 
18.4 0.0209782 -0.0056605 
18.5 0.0203252 -0.00739917 
18.6 0.0195062 -0.00898123 
18.7 0.0185372 -0.0103989 
18.8 0.0174349 -0.0116464 
18.9 0.0162166 -0.0127198 
19 0.0148997 -0.0136172 
19.1 0.013502 -0.0143384 
19.2 0.0120408 -0.0148849 
19.3 0.0105335 -0.01526 
19.4 0.00899713 -0.0154683 
19.5 0.00744791 -0.015516 
19.6 0.0059016 -0.0154103 
19.7 0.00437309 -0.0151598 
19.8 0.00287641 -0.0147739 
19.9 0.00142456 -0.014263 
20 2.9496e-05 -0.0136382 
20.1 -0.00129797 -0.0129111 
20.2 -0.0025482 -0.0120936 
20.3 -0.0037128 -0.0111983 
20.4 -0.00478459 -0.0102375 
20.5 -0.00575766 -0.00922387 
20.6 -0.00662734 -0.00816978 
20.7 -0.0073902 -0.00708747 
20.8 -0.00804402 -0.00598885 
20.9 -0.00858773 -0.00488541 
21 -0.00902141 -0.00378811 
21.1 -0.00934618 -0.00270735 
21.2 -0.00956419 -0.00165283 
21.3 -0.00967851 -0.000633531 
21.4 -0.00969307 0.000342328 
21.5 -0.00961258 0.00126737 
21.6 -0.00944246 0.00213506 
21.7 -0.00918872 0.00293975 
21.8 -0.0088579 0.00367667 
21.9 -0.00845697 0.00434195 
22 -0.00799324 0.00493259 
22.1 -0.00747429 0.00544649 
22.2 -0.00690785 0.00588238 
22.3 -0.00630174 0.0062398 
22.4 -0.00566379 0.00651911 
22.5 -0.00500177 0.00672137 
22.6 -0.00432328 0.00684838 
22.7 -0.00363573 0.00690256 
22.8 -0.00294626 0.00688692 
22.9 -0.00226166 0.00680502 
23 -0.00158837 0.00666087 
23.1 -0.000932377 0.00645891 
23.2 -0.000299235 0.00620392 
23.3 0.000306009 0.00590096 
23.4 0.000878823 0.00555532 
23.5 0.00141521 0.00517242 
23.6 0.00191172 0.00475782 
23.7 0.00236547 0.00431709 
23.8 0.00277411 0.00385578 
23.9 0.00313587 0.00337941 
24 0.00344951 0.00289332 
24.1 0.00371431 0.00240273 
24.2 0.00393008 0.00191262 
24.3 0.0040971 0.00142776 
24.4 0.00421611 0.000952587 
24.5 0.00428831 0.00049127 
24.6 0.00431525 4.76199e-05 
24.7 0.00429889 -0.000374905 
24.8 0.00424148 -0.00077322 
24.9 0.00414559 -0.00114463 
25 0.00401401 -0.00148682 
25.1 0.00384978 -0.00179789 
25.2 0.00365607 -0.00207633 
25.3 0.0034362 -0.00232101 
25.4 0.00319359 -0.00253119 
25.5 0.00293171 -0.00270652 
25.6 0.00265403 -0.00284697 
25.7 0.00236404 -0.00295287 
25.8 0.00206515 -0.00302489 
25.9 0.00176071 -0.00306396 
26 0.00145394 -0.00307131 
26.1 0.00114796 -0.00304841 
26.2 0.00084569 -0.00299696 
26.3 0.0005499 -0.00291885 
26.4 0.000263151 -0.00281612 
26.5 -1.22048e-05 -0.00269099 
26.6 -0.000274043 -0.00254576 
26.7 -0.000520472 -0.00238282 
26.8 -0.000749844 -0.00220462 
26.9 -0.000960757 -0.00201363 
27 -0.00115206 -0.00181234 
27.1 -0.00132283 -0.00160321 
27.2 -0.00147243 -0.00138865 
27.3 -0.00160041 -0.00117102 
27.4 -0.00170659 -0.000952578 
27.5 -0.00179099 -0.000735497 
27.6 -0.00185386 -0.000521821 
27.7 -0.00189562 -0.000313465 
27.8 -0.00191691 -0.000112197 
27.9 -0.0019185 8.03691e-05 
28 -0.00190134 0.000262782 
28.1 -0.00186651 0.000433761 
28.2 -0.00181521 0.000592199 
28.3 -0.00174875 0.000737163 
28.4 -0.00166849 0.000867898 
28.5 -0.00157591 0.000983825 
28.6 -0.00147249 0.00108454 
28.7 -0.00135977 0.00116979 
28.8 -0.00123931 0.00123951 
28.9 -0.00111264 0.00129378 
29 -0.000981314 0.00133281 
29.1 -0.000846825 0.00135697 
29.2 -0.000710639 0.00136675 
29.3 -0.000574163 0.00136276 
29.4 -0.000438741 0.00134569 
29.5 -0.000305638 0.00131636 
29.6 -0.000176039 0.00127564 
29.7 -5.10319e-05 0.00122449 
29.8 6.83884e-05 0.00116391 
29.9 0.000181332 0.00109496 
